%YAML:1.0
---
cm: !!opencv-matrix
   rows: 3
   cols: 3
   dt: f
   data: [ 2.36831006e+03, 0., 2016., 0., 2.36276001e+03, 1512., 0., 0.,
       1. ]
tv: [ 3.6408600807189941e+00, 1.0075800418853760e+00,
    2.3058600425720215e+00 ]
rm: !!opencv-matrix
   rows: 3
   cols: 3
   dt: f
   data: [ -2.09883168e-01, -4.23885852e-01, -8.81061792e-01,
       2.71329939e-01, 8.40487003e-01, -4.69000429e-01, 9.39323843e-01,
       -3.37493807e-01, -6.13911450e-02 ]
