%YAML:1.0
---
cm: !!opencv-matrix
   rows: 3
   cols: 3
   dt: f
   data: [ 2.36831006e+03, 0., 2016., 0., 2.36276001e+03, 1512., 0., 0.,
       1. ]
tv: [ 3.9769499301910400e+00, 1.0858700275421143e+00,
    2.8827099800109863e+00 ]
rm: !!opencv-matrix
   rows: 3
   cols: 3
   dt: f
   data: [ -3.58179629e-01, -3.95523012e-01, -8.45735610e-01,
       2.53599584e-01, 8.30565393e-01, -4.95831162e-01, 8.98551404e-01,
       -3.92075002e-01, -1.97186932e-01 ]
