%YAML:1.0
---
transform mat: !!opencv-matrix
   rows: 3
   cols: 3
   dt: d
   data: [ 1.1238664271955776e+00, 5.0728612403914553e-01,
       -1.8561473681905201e+02, 1.6974856384225755e-02,
       1.5758485551950983e+00, -1.6230848640615056e+02,
       1.3313513488854707e-05, 2.4022302541555187e-04, 1. ]
