%YAML:1.0
---
cm: !!opencv-matrix
   rows: 3
   cols: 3
   dt: f
   data: [ 1.64706006e+03, 0., 2016., 0., 1.65138000e+03, 1512., 0., 0.,
       1. ]
tv: [ -1.5137799978256226e+00, 1.0642900317907333e-01,
    3.8809400796890259e-01 ]
rm: !!opencv-matrix
   rows: 3
   cols: 3
   dt: f
   data: [ 9.68145132e-01, -7.53569528e-02, -2.38781035e-01,
       6.59296215e-02, 9.96705592e-01, -4.72367853e-02, 2.41553992e-01,
       2.99893208e-02, 9.69923854e-01 ]
