%YAML:1.0
---
cm: !!opencv-matrix
   rows: 3
   cols: 3
   dt: f
   data: [ 2.36831006e+03, 0., 2016., 0., 2.36276001e+03, 1512., 0., 0.,
       1. ]
tv: [ -3.3366699218750000e+00, 8.5958600044250488e-01,
    1.8115400075912476e+00 ]
rm: !!opencv-matrix
   rows: 3
   cols: 3
   dt: f
   data: [ 9.67144012e-01, -4.78349905e-03, -2.54183769e-01,
       -3.24271317e-03, 9.99509454e-01, -3.11480314e-02, 2.54208088e-01,
       3.09488811e-02, 9.66654480e-01 ]
