%YAML:1.0
---
transform mat: !!opencv-matrix
   rows: 3
   cols: 3
   dt: d
   data: [ 9.6087585024214439e-01, 4.7629966578408905e-01,
       -3.1079712277003011e+01, -6.5890666033314463e-02,
       1.3888683229490406e+00, 3.4579169913089318e+00,
       -2.4124163476936748e-05, 2.2344054360642812e-04, 1. ]
