%YAML:1.0
---
transform mat: !!opencv-matrix
   rows: 3
   cols: 3
   dt: d
   data: [ 1.0736141316923258e+00, 4.9233709548029159e-01,
       -1.1294519769703712e+02, 1.5961746070549617e-02,
       1.5486262380947673e+00, -1.1016576386058702e+02,
       6.9501917827203804e-06, 2.4328702343970804e-04, 1. ]
